0 1.98902e-31
0.010101 -0.00432819
0.020202 -0.00823802
0.030303 -0.011864
0.040404 -0.0153769
0.0505051 -0.0189069
0.0606061 -0.0225266
0.0707071 -0.0264015
0.0808081 -0.0305755
0.0909091 -0.0351423
0.10101 -0.0402345
0.111111 -0.0459639
0.121212 -0.0524985
0.131313 -0.0599364
0.141414 -0.0683729
0.151515 -0.0781609
0.161616 -0.0892424
0.171717 -0.101872
0.181818 -0.116136
0.191919 -0.132002
0.20202 -0.149347
0.212121 -0.168246
0.222222 -0.188327
0.232323 -0.209236
0.242424 -0.230542
0.252525 -0.25173
0.262626 -0.272194
0.272727 -0.291145
0.282828 -0.307979
0.292929 -0.3223
0.30303 -0.333693
0.313131 -0.341451
0.323232 -0.346044
0.333333 -0.347607
0.343434 -0.345917
0.353535 -0.341799
0.363636 -0.335766
0.373737 -0.328058
0.383838 -0.319321
0.393939 -0.309919
0.40404 -0.300101
0.414141 -0.290063
0.424242 -0.279912
0.434343 -0.269635
0.444444 -0.259189
0.454545 -0.248498
0.464646 -0.237471
0.474747 -0.225951
0.484848 -0.213885
0.494949 -0.201233
0.505051 -0.187871
0.515152 -0.173825
0.525253 -0.159106
0.535354 -0.143691
0.545455 -0.127585
0.555556 -0.110891
0.565657 -0.0936732
0.575758 -0.0759174
0.585859 -0.0577618
0.59596 -0.039278
0.606061 -0.0204894
0.616162 -0.00150319
0.626263 0.0176184
0.636364 0.036852
0.646465 0.0560984
0.656566 0.0753352
0.666667 0.0945354
0.676768 0.1136
0.686869 0.132513
0.69697 0.151245
0.707071 0.169639
0.717172 0.187646
0.727273 0.205188
0.737374 0.222041
0.747475 0.238054
0.757576 0.253076
0.767677 0.266931
0.777778 0.279257
0.787879 0.290005
0.79798 0.299071
0.808081 0.306197
0.818182 0.311391
0.828283 0.314821
0.838384 0.316501
0.848485 0.316509
0.858586 0.315373
0.868687 0.313146
0.878788 0.310338
0.888889 0.307348
0.89899 0.304805
0.909091 0.303848
0.919192 0.306311
0.929293 0.315308
0.939394 0.335567
0.949495 0.374265
0.959596 0.439246
0.969697 0.537724
0.979798 0.668269
0.989899 0.829506
1 1
