0 9.54706e-19
0.010101 0.0212817
0.020202 0.0395226
0.030303 0.0551882
0.040404 0.0681344
0.0505051 0.0789918
0.0606061 0.0878636
0.0707071 0.0953918
0.0808081 0.101713
0.0909091 0.10721
0.10101 0.112162
0.111111 0.116866
0.121212 0.121506
0.131313 0.12635
0.141414 0.131522
0.151515 0.137325
0.161616 0.143865
0.171717 0.151236
0.181818 0.159737
0.191919 0.169206
0.20202 0.179893
0.212121 0.191471
0.222222 0.204044
0.232323 0.217269
0.242424 0.230788
0.252525 0.244413
0.262626 0.257507
0.272727 0.26971
0.282828 0.280685
0.292929 0.289892
0.30303 0.297143
0.313131 0.302265
0.323232 0.304827
0.333333 0.304982
0.343434 0.302686
0.353535 0.298369
0.363636 0.291793
0.373737 0.283524
0.383838 0.273844
0.393939 0.26298
0.40404 0.251268
0.414141 0.23883
0.424242 0.225952
0.434343 0.212656
0.444444 0.199081
0.454545 0.185229
0.464646 0.171122
0.474747 0.156691
0.484848 0.142024
0.494949 0.126997
0.505051 0.111628
0.515152 0.0958783
0.525253 0.0797998
0.535354 0.063418
0.545455 0.0466506
0.555556 0.0297105
0.565657 0.0124711
0.575758 -0.00489496
0.585859 -0.0223471
0.59596 -0.0398418
0.606061 -0.0572087
0.616162 -0.0744938
0.626263 -0.0914177
0.636364 -0.108081
0.646465 -0.124316
0.656566 -0.139997
0.666667 -0.155083
0.676768 -0.169506
0.686869 -0.183202
0.69697 -0.196025
0.707071 -0.208116
0.717172 -0.21935
0.727273 -0.229826
0.737374 -0.239618
0.747475 -0.248843
0.757576 -0.257671
0.767677 -0.266426
0.777778 -0.275272
0.787879 -0.284708
0.79798 -0.295169
0.808081 -0.306915
0.818182 -0.320487
0.828283 -0.335851
0.838384 -0.35298
0.848485 -0.371318
0.858586 -0.389625
0.868687 -0.406136
0.878788 -0.418519
0.888889 -0.423774
0.89899 -0.418817
0.909091 -0.404078
0.919192 -0.376468
0.929293 -0.336307
0.939394 -0.287165
0.949495 -0.231413
0.959596 -0.173724
0.969697 -0.118886
0.979798 -0.0691733
0.989899 -0.0287401
1 -8.12889e-19
