0 3.75041e-19
0.010101 -0.00615029
0.020202 -0.0120237
0.030303 -0.0177332
0.040404 -0.0233508
0.0505051 -0.0289145
0.0606061 -0.0344676
0.0707071 -0.0401746
0.0808081 -0.0460292
0.0909091 -0.0520504
0.10101 -0.0582812
0.111111 -0.0649198
0.121212 -0.0719149
0.131313 -0.0793289
0.141414 -0.0871611
0.151515 -0.095417
0.161616 -0.104273
0.171717 -0.113687
0.181818 -0.123561
0.191919 -0.133909
0.20202 -0.14469
0.212121 -0.155763
0.222222 -0.167364
0.232323 -0.17905
0.242424 -0.190817
0.252525 -0.20261
0.262626 -0.214303
0.272727 -0.225512
0.282828 -0.236274
0.292929 -0.246357
0.30303 -0.255653
0.313131 -0.264118
0.323232 -0.271134
0.333333 -0.276931
0.343434 -0.28139
0.353535 -0.284482
0.363636 -0.286206
0.373737 -0.286068
0.383838 -0.284457
0.393939 -0.281344
0.40404 -0.276861
0.414141 -0.271153
0.424242 -0.264053
0.434343 -0.255673
0.444444 -0.246354
0.454545 -0.236162
0.464646 -0.225199
0.474747 -0.213615
0.484848 -0.201203
0.494949 -0.188444
0.505051 -0.175264
0.515152 -0.161694
0.525253 -0.147877
0.535354 -0.133749
0.545455 -0.119387
0.555556 -0.104856
0.565657 -0.0901664
0.575758 -0.0753078
0.585859 -0.0603403
0.59596 -0.0452555
0.606061 -0.0301136
0.616162 -0.0149389
0.626263 0.000261549
0.636364 0.0155181
0.646465 0.0305631
0.656566 0.0455824
0.666667 0.0604371
0.676768 0.0750207
0.686869 0.0894353
0.69697 0.1034
0.707071 0.117015
0.717172 0.130231
0.727273 0.142993
0.737374 0.155237
0.747475 0.166845
0.757576 0.177833
0.767677 0.188202
0.777778 0.197957
0.787879 0.207106
0.79798 0.215471
0.808081 0.223122
0.818182 0.230426
0.828283 0.237194
0.838384 0.243195
0.848485 0.249923
0.858586 0.256126
0.868687 0.263673
0.878788 0.273006
0.888889 0.284304
0.89899 0.298748
0.909091 0.321104
0.919192 0.350106
0.929293 0.388383
0.939394 0.438217
0.949495 0.500981
0.959596 0.581255
0.969697 0.674318
0.979798 0.777711
0.989899 0.887852
1 1
