0 2.85553e-17
0.010101 0.0166273
0.020202 0.0322475
0.030303 0.046436
0.040404 0.0600091
0.0505051 0.0724833
0.0606061 0.0838931
0.0707071 0.09453
0.0808081 0.103943
0.0909091 0.112714
0.10101 0.120713
0.111111 0.127759
0.121212 0.13412
0.131313 0.139856
0.141414 0.144856
0.151515 0.149262
0.161616 0.153071
0.171717 0.156368
0.181818 0.159129
0.191919 0.161327
0.20202 0.16315
0.212121 0.164495
0.222222 0.16547
0.232323 0.165998
0.242424 0.166164
0.252525 0.165985
0.262626 0.165422
0.272727 0.16455
0.282828 0.163293
0.292929 0.161746
0.30303 0.159868
0.313131 0.157601
0.323232 0.155114
0.333333 0.152279
0.343434 0.149119
0.353535 0.145627
0.363636 0.141841
0.373737 0.137658
0.383838 0.133236
0.393939 0.128431
0.40404 0.123251
0.414141 0.117765
0.424242 0.111922
0.434343 0.105749
0.444444 0.0992246
0.454545 0.0923347
0.464646 0.0850808
0.474747 0.0774037
0.484848 0.0693909
0.494949 0.0610678
0.505051 0.0523367
0.515152 0.0432745
0.525253 0.0338887
0.535354 0.0241316
0.545455 0.0139683
0.555556 0.00347019
0.565657 -0.00719061
0.575758 -0.01819
0.585859 -0.02948
0.59596 -0.0409613
0.606061 -0.0526622
0.616162 -0.0646556
0.626263 -0.0766813
0.636364 -0.0888368
0.646465 -0.100998
0.656566 -0.113265
0.666667 -0.12535
0.676768 -0.137213
0.686869 -0.148797
0.69697 -0.160497
0.707071 -0.171453
0.717172 -0.181915
0.727273 -0.191902
0.737374 -0.201214
0.747475 -0.209525
0.757576 -0.217153
0.767677 -0.224021
0.777778 -0.229135
0.787879 -0.233191
0.79798 -0.236111
0.808081 -0.237708
0.818182 -0.237486
0.828283 -0.235848
0.838384 -0.232708
0.848485 -0.227562
0.858586 -0.221076
0.868687 -0.213123
0.878788 -0.202909
0.888889 -0.191748
0.89899 -0.178403
0.909091 -0.16451
0.919192 -0.149168
0.929293 -0.132456
0.939394 -0.11465
0.949495 -0.096455
0.959596 -0.0780007
0.969697 -0.0581516
0.979798 -0.0390399
0.989899 -0.0194601
1 6.41575e-17
