0 4.32671e-19
0.010101 -0.00703659
0.020202 -0.0137333
0.030303 -0.0201858
0.040404 -0.0264239
0.0505051 -0.0324288
0.0606061 -0.0382005
0.0707071 -0.0438175
0.0808081 -0.0492982
0.0909091 -0.0546474
0.10101 -0.0598737
0.111111 -0.0650078
0.121212 -0.0700487
0.131313 -0.0750431
0.141414 -0.0799881
0.151515 -0.0848813
0.161616 -0.0897525
0.171717 -0.0945956
0.181818 -0.0994148
0.191919 -0.104231
0.20202 -0.109044
0.212121 -0.113803
0.222222 -0.118623
0.232323 -0.123376
0.242424 -0.128124
0.252525 -0.13288
0.262626 -0.137597
0.272727 -0.142261
0.282828 -0.146887
0.292929 -0.15145
0.30303 -0.155942
0.313131 -0.160356
0.323232 -0.164578
0.333333 -0.168743
0.343434 -0.172741
0.353535 -0.176571
0.363636 -0.180245
0.373737 -0.18355
0.383838 -0.186719
0.393939 -0.189547
0.40404 -0.192066
0.414141 -0.19431
0.424242 -0.196127
0.434343 -0.197531
0.444444 -0.198504
0.454545 -0.19904
0.464646 -0.199136
0.474747 -0.198763
0.484848 -0.197689
0.494949 -0.196153
0.505051 -0.194089
0.515152 -0.191461
0.525253 -0.188275
0.535354 -0.184396
0.545455 -0.179907
0.555556 -0.174849
0.565657 -0.169225
0.575758 -0.163027
0.585859 -0.156165
0.59596 -0.148685
0.606061 -0.140688
0.616162 -0.132187
0.626263 -0.12317
0.636364 -0.113512
0.646465 -0.103402
0.656566 -0.0927732
0.666667 -0.0816953
0.676768 -0.0702289
0.686869 -0.0582727
0.69697 -0.0457979
0.707071 -0.0328793
0.717172 -0.0195227
0.727273 -0.00572007
0.737374 0.00856749
0.747475 0.0236077
0.757576 0.0392119
0.767677 0.0554532
0.777778 0.0724314
0.787879 0.0902664
0.79798 0.109338
0.808081 0.129519
0.818182 0.151192
0.828283 0.174324
0.838384 0.198833
0.848485 0.226534
0.858586 0.255869
0.868687 0.28829
0.878788 0.323728
0.888889 0.361793
0.89899 0.403299
0.909091 0.449649
0.919192 0.498973
0.929293 0.551857
0.939394 0.608632
0.949495 0.668675
0.959596 0.732243
0.969697 0.797958
0.979798 0.864971
0.989899 0.932522
1 1
