0 2.42296e-17
0.010101 0.0205988
0.020202 0.0390635
0.030303 0.0550398
0.040404 0.0698574
0.0505051 0.0827705
0.0606061 0.0940909
0.0707071 0.104296
0.0808081 0.112967
0.0909091 0.120956
0.10101 0.128153
0.111111 0.134554
0.121212 0.140501
0.131313 0.146103
0.141414 0.151372
0.151515 0.156598
0.161616 0.161573
0.171717 0.16666
0.181818 0.17162
0.191919 0.176709
0.20202 0.181854
0.212121 0.187039
0.222222 0.192305
0.232323 0.197519
0.242424 0.202674
0.252525 0.207817
0.262626 0.212655
0.272727 0.217351
0.282828 0.221605
0.292929 0.225521
0.30303 0.228809
0.313131 0.231353
0.323232 0.233364
0.333333 0.234575
0.343434 0.234816
0.353535 0.234075
0.363636 0.232368
0.373737 0.229481
0.383838 0.225805
0.393939 0.220798
0.40404 0.214673
0.414141 0.207624
0.424242 0.199435
0.434343 0.190411
0.444444 0.180583
0.454545 0.169665
0.464646 0.158141
0.474747 0.145832
0.484848 0.132934
0.494949 0.119611
0.505051 0.105811
0.515152 0.0916555
0.525253 0.0772204
0.535354 0.0625858
0.545455 0.0477312
0.555556 0.0327946
0.565657 0.0178057
0.575758 0.00278099
0.585859 -0.0122112
0.59596 -0.0271909
0.606061 -0.0421115
0.616162 -0.0569886
0.626263 -0.071816
0.636364 -0.0865183
0.646465 -0.1013
0.656566 -0.116034
0.666667 -0.130762
0.676768 -0.14559
0.686869 -0.160528
0.69697 -0.175498
0.707071 -0.19086
0.717172 -0.206289
0.727273 -0.22198
0.737374 -0.237998
0.747475 -0.254013
0.757576 -0.270428
0.767677 -0.286912
0.777778 -0.30275
0.787879 -0.318376
0.79798 -0.333191
0.808081 -0.347131
0.818182 -0.358199
0.828283 -0.367745
0.838384 -0.373444
0.848485 -0.376113
0.858586 -0.374705
0.868687 -0.368431
0.878788 -0.355477
0.888889 -0.339757
0.89899 -0.317114
0.909091 -0.291135
0.919192 -0.261224
0.929293 -0.22789
0.939394 -0.192225
0.949495 -0.156334
0.959596 -0.121276
0.969697 -0.0855857
0.979798 -0.0543302
0.989899 -0.0253312
1 1.28172e-16
