x                      |y                      |vx                     |vy         
1                   |0                     |1.221e-62                        |1.221e-62
1                   |0.1                     |0                        |0
0.9                   |0                     |1.27579e-32                        |1.27579e-32
1                   |0.2                     |0                        |0
1                   |0.3                     |1.1662e-32                        |1.1662e-32
0.8                   |0                     |0                        |0
0.85                   |0.1                     |2.28016e-32                        |2.28016e-32
0.933333                   |0.133333                     |0                        |0
0.92                   |0.24                     |3.88775e-32                        |3.88775e-32
1                   |0.4                     |0                        |0
0.7                   |0                     |1.95483e-32                        |1.95483e-32
0.933333                   |0.333333                     |0                        |0
0.76                   |0.12                     |0.0158214                        |0.0158214
0.84                   |0.18                     |0                        |0
0.833333                   |0.266667                     |0.00956845                        |0.00956845
0.928571                   |0.428571                     |0                        |0
1                   |0.5                     |0.0225426                        |0.0225426
1                   |0.6                     |0                        |0
0.666667                   |0.0666667                     |5.76153e-32                        |5.76153e-32
0.6                   |0                     |0                        |0
1                   |0.7                     |2.91054e-32                        |2.91054e-32
1                   |0.8                     |0                        |0
0.857143                   |0.357143                     |0.0294848                        |0.0294848
0.642857                   |0.142857                     |0                        |0
0.75                   |0.2                     |0.0289241                        |0.0289241
0.733333                   |0.3                     |0                        |0
0.828571                   |0.428571                     |0.0316369                        |0.0316369
0.9                   |0.5                     |0                        |0
0.928571                   |0.571429                     |0.0521013                        |0.0521013
0.933333                   |0.666667                     |0                        |0
0.571429                   |0.0714286                     |0.0456483                        |0.0456483
0.5                   |0                     |0                        |0
1                   |1                     |8.40946e-32                        |8.40946e-32
1                   |0.9                     |0                        |0
0.88                   |0.76                     |1.2337e-31                        |1.2337e-31
0.9                   |0.85                     |0                        |0
0.716667                   |0.4                     |0.0200705                        |0.0200705
0.553571                   |0.160714                     |0                        |0
0.632143                   |0.232143                     |3.279e-32                        |3.279e-32
0.621429                   |0.321429                     |0                        |0
0.8                   |0.5                     |1.67454e-31                        |1.67454e-31
0.828571                   |0.571429                     |0                        |0
0.857143                   |0.642857                     |2.85728e-31                        |2.85728e-31
0.464286                   |0.178571                     |0                        |0
0.428571                   |0.0714286                     |0.0670702                        |0.0670702
0.4                   |0                     |0                        |0
0.9                   |1                     |0.0462119                        |0.0462119
0.8                   |0.75                     |0                        |0
0.85                   |0.925                     |0.0525891                        |0.0525891
0.82                   |0.84                     |0                        |0
0.610714                   |0.410714                     |0.0902303                        |0.0902303
0.7                   |0.5                     |0                        |0
0.5                   |0.294643                     |0.10397                        |0.10397
0.535714                   |0.410714                     |0                        |0
0.733333                   |0.583333                     |0.0818554                        |0.0818554
0.766667                   |0.666667                     |0                        |0
0.428571                   |0.267857                     |0.076886                        |0.076886
0.375                   |0.196429                     |0                        |0
0.333333                   |0.0833333                     |0.104558                        |0.104558
0.3                   |0                     |0                        |0
0.7                   |0.75                     |0.0243226                        |0.0243226
0.8                   |1                     |0                        |0
0.733333                   |0.833333                     |3.41174e-32                        |3.41174e-32
0.76                   |0.92                     |0                        |0
0.633333                   |0.583333                     |5e-31                        |5e-31
0.6                   |0.5                     |0                        |0
0.392857                   |0.357143                     |4.95598e-31                        |4.95598e-31
0.446429                   |0.428571                     |0                        |0
0.5                   |0.5                     |0.264651                        |0.264651
0.666667                   |0.666667                     |0                        |0
0.617857                   |0.732143                     |0.339061                        |0.339061
0.339286                   |0.285714                     |0                        |0
0.266667                   |0.133333                     |0.13907                        |0.13907
0.285714                   |0.214286                     |0                        |0
0.225                   |0.075                     |0.0568418                        |0.0568418
0.2                   |0                     |0                        |0
0.655952                   |0.827381                     |0.0808186                        |0.0808186
0.7                   |1                     |0                        |0
0.666667                   |0.916667                     |0.122265                        |0.122265
0.517857                   |0.607143                     |0                        |0
0.27619                   |0.357143                     |0.153547                        |0.153547
0.4                   |0.5                     |0                        |0
0.338095                   |0.428571                     |0.173571                        |0.173571
0.446429                   |0.571429                     |0                        |0
0.535714                   |0.714286                     |0.192463                        |0.192463
0.578571                   |0.821429                     |0                        |0
0.214286                   |0.285714                     |0.064442                        |0.064442
0.2                   |0.2                     |0                        |0
0.133333                   |0.0666667                     |0.0244165                        |0.0244165
0.1                   |0                     |0                        |0
0.142857                   |0.357143                     |3.30722e-32                        |3.30722e-32
0.171429                   |0.428571                     |0                        |0
0.571429                   |0.928571                     |1                        |1
0.6                   |1                     |0                        |0
0.464286                   |0.678571                     |0.376224                        |0.376224
0.338095                   |0.571429                     |0                        |0
0.3                   |0.5                     |0.717281                        |0.717281
0.392857                   |0.642857                     |0                        |0
0.503571                   |0.875                     |0.505901                        |0.505901
0.485714                   |0.794643                     |0                        |0
0.2                   |0.5                     |0.173593                        |0.173593
0                   |0                     |0                        |0
0.133333                   |0.266667                     |0.206648                        |0.206648
0.1                   |0.15                     |0                        |0
0                   |0.1                     |0.116667                        |0.116667
0.0666667                   |0.333333                     |0                        |0
0.0714286                   |0.428571                     |0.182405                        |0.182405
0.1                   |0.5                     |0                        |0
0.171429                   |0.571429                     |0.255493                        |0.255493
0.5                   |1                     |0                        |0
0.392857                   |0.767857                     |0.310953                        |0.310953
0.27619                   |0.642857                     |0                        |0
0.339286                   |0.714286                     |0.101154                        |0.101154
0.428571                   |0.928571                     |0                        |0
0.357143                   |0.857143                     |0.0666478                        |0.0666478
0.075                   |0.225                     |0                        |0
0                   |0.2                     |0.0251292                        |0.0251292
0                   |0.4                     |0                        |0
0                   |0.3                     |2.80507e-32                        |2.80507e-32
0                   |0.5                     |0                        |0
0.0714286                   |0.571429                     |0.475439                        |0.475439
0.142857                   |0.642857                     |0                        |0
0.4                   |1                     |1                        |1
0.285714                   |0.785714                     |0                        |0
0.214286                   |0.714286                     |0.594477                        |0.594477
0.266667                   |0.866667                     |0                        |0
0.333333                   |0.933333                     |0.778058                        |0.778058
0                   |0.6                     |0                        |0
0.0666667                   |0.666667                     |0.304477                        |0.304477
0.12                   |0.76                     |0                        |0
0.3                   |1                     |0.239073                        |0.239073
0.18                   |0.84                     |0                        |0
0.225                   |0.925                     |0.143437                        |0.143437
0                   |0.7                     |0                        |0
0                   |0.8                     |0.193134                        |0.193134
0.0666667                   |0.866667                     |0                        |0
0.2                   |1                     |0.25071                        |0.25071
0.133333                   |0.933333                     |0                        |0
0                   |0.9                     |0.384397                        |0.384397
0.1                   |1                     |0                        |0
0                   |1                     |0.491311                        |0.491311
