0 -1.75483e-35
0.010101 -0.0332057
0.020202 -0.0635038
0.030303 -0.0915566
0.040404 -0.118051
0.0505051 -0.143648
0.0606061 -0.168942
0.0707071 -0.194287
0.0808081 -0.21975
0.0909091 -0.245093
0.10101 -0.269801
0.111111 -0.293197
0.121212 -0.3145
0.131313 -0.332979
0.141414 -0.347977
0.151515 -0.359045
0.161616 -0.365936
0.171717 -0.36867
0.181818 -0.367501
0.191919 -0.36289
0.20202 -0.35544
0.212121 -0.345835
0.222222 -0.334762
0.232323 -0.322845
0.242424 -0.310617
0.252525 -0.298489
0.262626 -0.286742
0.272727 -0.275539
0.282828 -0.264946
0.292929 -0.254949
0.30303 -0.245485
0.313131 -0.236456
0.323232 -0.227754
0.333333 -0.219268
0.343434 -0.2109
0.353535 -0.202562
0.363636 -0.194186
0.373737 -0.18572
0.383838 -0.177124
0.393939 -0.168375
0.40404 -0.159456
0.414141 -0.150361
0.424242 -0.141087
0.434343 -0.131637
0.444444 -0.122014
0.454545 -0.112227
0.464646 -0.102282
0.474747 -0.092186
0.484848 -0.0819494
0.494949 -0.0715806
0.505051 -0.0610911
0.515152 -0.0504853
0.525253 -0.039779
0.535354 -0.0289816
0.545455 -0.0181051
0.555556 -0.00716153
0.565657 0.00383902
0.575758 0.0148817
0.585859 0.0259556
0.59596 0.0370478
0.606061 0.0481487
0.616162 0.0592475
0.626263 0.0703356
0.636364 0.0814086
0.646465 0.092459
0.656566 0.103489
0.666667 0.114497
0.676768 0.125491
0.686869 0.136479
0.69697 0.147471
0.707071 0.158486
0.717172 0.169537
0.727273 0.180642
0.737374 0.191819
0.747475 0.203078
0.757576 0.214426
0.767677 0.225858
0.777778 0.23736
0.787879 0.248897
0.79798 0.260423
0.808081 0.271868
0.818182 0.28314
0.828283 0.294131
0.838384 0.304714
0.848485 0.314748
0.858586 0.324087
0.868687 0.33258
0.878788 0.340096
0.888889 0.34654
0.89899 0.351928
0.909091 0.356528
0.919192 0.361195
0.929293 0.367918
0.939394 0.380735
0.949495 0.406538
0.959596 0.45525
0.969697 0.53799
0.979798 0.662009
0.989899 0.823112
1 1
