0 -2.29329e-35
0.010101 -0.0175708
0.020202 -0.0343033
0.030303 -0.0503718
0.040404 -0.06594
0.0505051 -0.081156
0.0606061 -0.0961608
0.0707071 -0.111079
0.0808081 -0.126018
0.0909091 -0.141061
0.10101 -0.156262
0.111111 -0.171639
0.121212 -0.187169
0.131313 -0.202794
0.141414 -0.218407
0.151515 -0.23387
0.161616 -0.249009
0.171717 -0.263628
0.181818 -0.277506
0.191919 -0.29042
0.20202 -0.302148
0.212121 -0.31248
0.222222 -0.321225
0.232323 -0.328226
0.242424 -0.333366
0.252525 -0.33657
0.262626 -0.337811
0.272727 -0.33711
0.282828 -0.334535
0.292929 -0.330196
0.30303 -0.324236
0.313131 -0.316828
0.323232 -0.30816
0.333333 -0.298427
0.343434 -0.28783
0.353535 -0.276559
0.363636 -0.264787
0.373737 -0.252674
0.383838 -0.240355
0.393939 -0.227944
0.40404 -0.215529
0.414141 -0.203179
0.424242 -0.190942
0.434343 -0.178847
0.444444 -0.166909
0.454545 -0.15513
0.464646 -0.143502
0.474747 -0.132012
0.484848 -0.12064
0.494949 -0.109363
0.505051 -0.0981596
0.515152 -0.0870018
0.525253 -0.075869
0.535354 -0.0647388
0.545455 -0.0535906
0.555556 -0.0424063
0.565657 -0.031169
0.575758 -0.0198658
0.585859 -0.00848432
0.59596 0.00298436
0.606061 0.0145483
0.616162 0.0262123
0.626263 0.0379792
0.636364 0.0498511
0.646465 0.0618245
0.656566 0.073897
0.666667 0.0860607
0.676768 0.098307
0.686869 0.110623
0.69697 0.122993
0.707071 0.135398
0.717172 0.147815
0.727273 0.160218
0.737374 0.172579
0.747475 0.184862
0.757576 0.197034
0.767677 0.209053
0.777778 0.220881
0.787879 0.232471
0.79798 0.243782
0.808081 0.254775
0.818182 0.265413
0.828283 0.275674
0.838384 0.285559
0.848485 0.295113
0.858586 0.304451
0.868687 0.313801
0.878788 0.323579
0.888889 0.334461
0.89899 0.347485
0.909091 0.364154
0.919192 0.38651
0.929293 0.417077
0.939394 0.458735
0.949495 0.514282
0.959596 0.58582
0.969697 0.673805
0.979798 0.77616
0.989899 0.887612
1 1
