0 2.85391e-18
0.010101 0.0605846
0.020202 0.110859
0.030303 0.151681
0.040404 0.184331
0.0505051 0.210468
0.0606061 0.231856
0.0707071 0.250082
0.0808081 0.266284
0.0909091 0.281189
0.10101 0.295047
0.111111 0.307851
0.121212 0.319393
0.131313 0.32939
0.141414 0.33757
0.151515 0.343695
0.161616 0.347617
0.171717 0.349261
0.181818 0.348656
0.191919 0.34589
0.20202 0.341156
0.212121 0.334681
0.222222 0.326743
0.232323 0.317647
0.242424 0.307677
0.252525 0.297106
0.262626 0.286189
0.272727 0.275109
0.282828 0.26403
0.292929 0.253052
0.30303 0.242235
0.313131 0.231605
0.323232 0.221157
0.333333 0.210865
0.343434 0.200685
0.353535 0.190577
0.363636 0.180488
0.373737 0.17038
0.383838 0.160212
0.393939 0.149952
0.40404 0.139578
0.414141 0.129076
0.424242 0.118445
0.434343 0.10767
0.444444 0.0967647
0.454545 0.0857272
0.464646 0.0745677
0.474747 0.0632979
0.484848 0.0519294
0.494949 0.0404788
0.505051 0.0289523
0.515152 0.0173736
0.525253 0.00575011
0.535354 -0.00590098
0.545455 -0.0175647
0.555556 -0.0292297
0.565657 -0.0408856
0.575758 -0.0525132
0.585859 -0.0641141
0.59596 -0.0756652
0.606061 -0.0871686
0.616162 -0.0986022
0.626263 -0.10998
0.636364 -0.121284
0.646465 -0.132515
0.656566 -0.143668
0.666667 -0.154727
0.676768 -0.165695
0.686869 -0.17657
0.69697 -0.18733
0.707071 -0.197959
0.717172 -0.208456
0.727273 -0.218795
0.737374 -0.228968
0.747475 -0.238973
0.757576 -0.248811
0.767677 -0.258535
0.777778 -0.26823
0.787879 -0.278051
0.79798 -0.288245
0.808081 -0.299168
0.818182 -0.311312
0.828283 -0.325282
0.838384 -0.341744
0.848485 -0.361318
0.858586 -0.38435
0.868687 -0.410662
0.878788 -0.439109
0.888889 -0.467312
0.89899 -0.491439
0.909091 -0.506341
0.919192 -0.506571
0.929293 -0.487486
0.939394 -0.446699
0.949495 -0.385313
0.959596 -0.308247
0.969697 -0.222975
0.979798 -0.138216
0.989899 -0.0620151
1 -1.62283e-18
