0 1.98199e-18
0.010101 0.0430944
0.020202 0.0809493
0.030303 0.113907
0.040404 0.142365
0.0505051 0.166782
0.0606061 0.187663
0.0707071 0.205537
0.0808081 0.220904
0.0909091 0.234243
0.10101 0.245952
0.111111 0.25636
0.121212 0.265709
0.131313 0.274163
0.141414 0.281822
0.151515 0.28872
0.161616 0.294854
0.171717 0.300185
0.181818 0.304667
0.191919 0.308229
0.20202 0.310818
0.212121 0.312375
0.222222 0.312856
0.232323 0.312232
0.242424 0.310485
0.252525 0.30761
0.262626 0.303626
0.272727 0.29856
0.282828 0.292459
0.292929 0.285378
0.30303 0.277388
0.313131 0.268565
0.323232 0.258993
0.333333 0.248759
0.343434 0.237953
0.353535 0.226665
0.363636 0.214976
0.373737 0.202972
0.383838 0.190723
0.393939 0.178296
0.40404 0.165748
0.414141 0.153133
0.424242 0.140493
0.434343 0.127856
0.444444 0.115255
0.454545 0.102703
0.464646 0.0902138
0.474747 0.0777953
0.484848 0.0654504
0.494949 0.0531795
0.505051 0.0409767
0.515152 0.0288412
0.525253 0.0167635
0.535354 0.00473823
0.545455 -0.00724187
0.555556 -0.0191849
0.565657 -0.0310993
0.575758 -0.0429905
0.585859 -0.0548715
0.59596 -0.0667455
0.606061 -0.0786276
0.616162 -0.0905239
0.626263 -0.102459
0.636364 -0.114447
0.646465 -0.126516
0.656566 -0.138699
0.666667 -0.15103
0.676768 -0.163563
0.686869 -0.176368
0.69697 -0.189507
0.707071 -0.203066
0.717172 -0.217147
0.727273 -0.231849
0.737374 -0.247277
0.747475 -0.263536
0.757576 -0.280694
0.767677 -0.298808
0.777778 -0.317864
0.787879 -0.337763
0.79798 -0.358296
0.808081 -0.379105
0.818182 -0.399655
0.828283 -0.419215
0.838384 -0.436848
0.848485 -0.451441
0.858586 -0.461727
0.868687 -0.466432
0.878788 -0.464337
0.888889 -0.454453
0.89899 -0.436163
0.909091 -0.409377
0.919192 -0.374543
0.929293 -0.332704
0.939394 -0.285451
0.949495 -0.234708
0.959596 -0.182649
0.969697 -0.131373
0.979798 -0.0828291
0.989899 -0.0386478
1 -1.07278e-18
