0 8.75604e-19
0.010101 0.0195249
0.020202 0.0376454
0.030303 0.0544015
0.040404 0.0698385
0.0505051 0.0840061
0.0606061 0.0969609
0.0707071 0.108761
0.0808081 0.119465
0.0909091 0.129134
0.10101 0.137831
0.111111 0.145614
0.121212 0.152544
0.131313 0.158675
0.141414 0.164064
0.151515 0.168761
0.161616 0.172813
0.171717 0.176266
0.181818 0.179159
0.191919 0.181529
0.20202 0.183408
0.212121 0.184826
0.222222 0.185807
0.232323 0.186372
0.242424 0.186539
0.252525 0.186323
0.262626 0.185735
0.272727 0.184784
0.282828 0.183476
0.292929 0.181815
0.30303 0.179804
0.313131 0.177443
0.323232 0.17473
0.333333 0.171663
0.343434 0.16824
0.353535 0.164454
0.363636 0.160302
0.373737 0.155779
0.383838 0.150877
0.393939 0.145593
0.40404 0.13992
0.414141 0.133852
0.424242 0.127385
0.434343 0.120513
0.444444 0.113231
0.454545 0.105537
0.464646 0.0974273
0.474747 0.0889006
0.484848 0.0799559
0.494949 0.0705943
0.505051 0.0608176
0.515152 0.0506288
0.525253 0.0400344
0.535354 0.0290414
0.545455 0.0176602
0.555556 0.00590305
0.565657 -0.00621573
0.575758 -0.0186748
0.585859 -0.0314535
0.59596 -0.0445248
0.606061 -0.0578586
0.616162 -0.0714176
0.626263 -0.0851616
0.636364 -0.0990408
0.646465 -0.113003
0.656566 -0.126984
0.666667 -0.140919
0.676768 -0.154728
0.686869 -0.168323
0.69697 -0.181612
0.707071 -0.194492
0.717172 -0.20685
0.727273 -0.218565
0.737374 -0.229512
0.747475 -0.239554
0.757576 -0.248557
0.767677 -0.256377
0.777778 -0.262876
0.787879 -0.267918
0.79798 -0.27137
0.808081 -0.273114
0.818182 -0.273045
0.828283 -0.271079
0.838384 -0.267149
0.848485 -0.261222
0.858586 -0.25329
0.868687 -0.243377
0.878788 -0.231542
0.888889 -0.217877
0.89899 -0.202508
0.909091 -0.185599
0.919192 -0.167329
0.929293 -0.147906
0.939394 -0.127565
0.949495 -0.106546
0.959596 -0.0851022
0.969697 -0.0634819
0.979798 -0.0419334
0.989899 -0.0206976
1 -6.13062e-19
