0 -4.07264e-35
0.010101 -0.00779447
0.020202 -0.0152574
0.030303 -0.0224266
0.040404 -0.0293374
0.0505051 -0.0360219
0.0606061 -0.0425098
0.0707071 -0.0488284
0.0808081 -0.0550027
0.0909091 -0.0610558
0.10101 -0.0670085
0.111111 -0.0728799
0.121212 -0.0786872
0.131313 -0.0844457
0.141414 -0.0901685
0.151515 -0.0958672
0.161616 -0.101551
0.171717 -0.107229
0.181818 -0.112904
0.191919 -0.118581
0.20202 -0.124261
0.212121 -0.129942
0.222222 -0.135621
0.232323 -0.141291
0.242424 -0.146945
0.252525 -0.152569
0.262626 -0.158152
0.272727 -0.163676
0.282828 -0.169122
0.292929 -0.174468
0.30303 -0.17969
0.313131 -0.184762
0.323232 -0.189654
0.333333 -0.194337
0.343434 -0.198776
0.353535 -0.202938
0.363636 -0.206787
0.373737 -0.210288
0.383838 -0.213404
0.393939 -0.216098
0.40404 -0.218334
0.414141 -0.220078
0.424242 -0.221295
0.434343 -0.221954
0.444444 -0.222026
0.454545 -0.221484
0.464646 -0.220307
0.474747 -0.218475
0.484848 -0.215972
0.494949 -0.212789
0.505051 -0.208919
0.515152 -0.20436
0.525253 -0.199117
0.535354 -0.193195
0.545455 -0.18661
0.555556 -0.179376
0.565657 -0.171514
0.575758 -0.16305
0.585859 -0.154009
0.59596 -0.144423
0.606061 -0.134323
0.616162 -0.123742
0.626263 -0.112717
0.636364 -0.101279
0.646465 -0.0894638
0.656566 -0.0773033
0.666667 -0.0648272
0.676768 -0.0520621
0.686869 -0.0390305
0.69697 -0.0257497
0.707071 -0.0122291
0.717172 0.00152824
0.727273 0.0155296
0.737374 0.0297947
0.747475 0.0443554
0.757576 0.0592609
0.767677 0.0745776
0.777778 0.0903953
0.787879 0.106828
0.79798 0.124017
0.808081 0.142135
0.818182 0.161391
0.828283 0.182027
0.838384 0.204324
0.848485 0.228598
0.858586 0.2552
0.868687 0.284503
0.878788 0.316896
0.888889 0.352773
0.89899 0.392497
0.909091 0.436384
0.919192 0.48467
0.929293 0.537469
0.939394 0.594726
0.949495 0.656191
0.959596 0.721375
0.969697 0.789511
0.979798 0.859564
0.989899 0.930231
1 1
